<!--
 Git information:
    i-PI version: unknown
      Remote URL: git@github.com:i-pi/i-pi.git
          Branch: main                    
     Last Commit: f2bd86f160f3466126614340b5ef7c7c6c870c42

 Simulation information:
           Machine Name: solaris
      Working Directory: /home/george/Documents/Conferences/2025_INCT/tutorial/01-constant-pressure/classical
          Date and Time: 2025-05-28 13:27:36
-->
<simulation>
   <prng>
      <seed>1748431619364</seed>
      <state>[{"bit_generator": "MT19937", "state": {"key": [3277938365, 1027542045, 2311091315, 2757328956, 2117366644, 3198065517, 2477511889, 1480330011, 310284915, 3674356217, 1290584762, 3151865032, 1556332987, 2058052624, 3218086477, 2849072858, 2243166779, 3129803712, 780143496, 2988019308, 2643023232, 2338502356, 517009023, 2143790601, 4148517288, 2854834870, 4279356035, 1884801889, 4198878795, 2625684860, 3914505477, 618776337, 2682059219, 1592912040, 1170428145, 2316710168, 4039389481, 2129214024, 3080075878, 3873471297, 3569261789, 1810045977, 2463736557, 2158489449, 1354606059, 1401913753, 3837191087, 1231753564, 14065346, 1343841337, 2565936770, 2307972098, 17394952, 1310167634, 765097857, 488396752, 1735693129, 241273395, 3009196549, 3521608640, 858061098, 3396945725, 3113671775, 846338207, 913857297, 885511553, 4216694366, 1480788532, 3214265465, 3314166940, 1637238892, 1862220156, 3455016010, 3396942355, 132513750, 2340220595, 1858378151, 3852223297, 2510025064, 1231578457, 563799869, 848503835, 1656687005, 1074554588, 703126488, 3299340070, 2693993360, 2357154748, 799345796, 1272949224, 2814759337, 105771860, 1232007172, 3974923316, 1645026634, 812467339, 3139342457, 571899949, 1241129598, 771706937, 2573800914, 1077938271, 1092424048, 3025134008, 1404170538, 1438205158, 1636449952, 2963519345, 3932389435, 2205162500, 1297819603, 4047106231, 1358593029, 532026143, 2364422426, 4095792815, 472124660, 207428643, 1903946852, 2343259048, 3220516141, 471590315, 2486992397, 2108720304, 1416561093, 1351239980, 441951354, 1198914933, 1603355254, 1532338104, 524101006, 365211383, 1627994349, 1995397364, 3240463757, 1699452680, 615945969, 1949955341, 126524277, 4219911756, 3646827609, 3623908730, 3596510072, 2839414647, 2041977528, 2265976868, 3883697319, 1437246452, 2856941345, 820210476, 116020452, 4129033618, 1484297938, 640559000, 1479913027, 2213854900, 1237777251, 3724201637, 2627412656, 1151885700, 2531391936, 2687455614, 425422915, 2223983712, 3651705458, 1273239563, 490531270, 1521122582, 2805342686, 1999033006, 2193743258, 2102031607, 1104944713, 3176383442, 1875316280, 2303995696, 278853993, 3462043537, 2393960045, 109054460, 2869044920, 2577019264, 2727290200, 2180960555, 804131406, 1169484854, 2307513450, 1203332467, 2836590031, 4137015505, 163136736, 1192665154, 3427085530, 227481943, 464162099, 2390758105, 911456931, 3844105297, 2287133789, 1695729673, 2018859596, 4014584159, 343095356, 1572459263, 4018835690, 888866223, 1027782142, 1456306934, 1346045166, 2401868175, 3960550374, 323653905, 2934500228, 3265453009, 2505549661, 2539382553, 2166697035, 4137650905, 1224856867, 1309249947, 3044328124, 3727776372, 799182464, 3025187066, 48602006, 226491501, 1320529325, 373112892, 389214420, 3280222504, 2943799308, 3091707326, 1123927869, 2035783113, 691474112, 3435703302, 2729680823, 2427777252, 531910079, 796199290, 1433273375, 198649103, 3712507161, 656542926, 2965881981, 174002426, 3427534433, 1460213191, 4100315115, 277284333, 922674047, 3957414753, 4242666662, 532053360, 3826553023, 319674668, 1002276963, 4646978, 884831849, 2467080898, 1215416642, 4107620746, 2430751775, 3545138342, 3613120518, 4267459775, 655943916, 3377762033, 3972950352, 3736048933, 4172386610, 2869908902, 558942251, 263245071, 1124990399, 1377465071, 3195629666, 669946892, 1793576492, 879245021, 2282798337, 3628132947, 1743609489, 3147306261, 4217207434, 3776017162, 3298216196, 793819696, 3924007233, 2899906974, 2090546410, 1226779163, 3921306721, 374061676, 3257689225, 1178979836, 1519632537, 2236624338, 2105436544, 2365178288, 2343987031, 2637280808, 1694319782, 839324555, 744565335, 911367465, 876810230, 1427907497, 310870641, 3226764375, 4090934585, 3237740524, 869510079, 2340604523, 743835052, 4065959897, 4142756163, 2077010860, 3666191856, 4096200299, 3617593885, 3727387810, 2793348135, 1845877800, 342547203, 2986746020, 2454915583, 3350132022, 3625316323, 3953969617, 762740401, 128060352, 1155055450, 759443548, 2115598773, 1230551566, 2544307961, 255024184, 2350718866, 3297800482, 3735248587, 2252216077, 303592463, 3582570057, 2400594537, 1567001180, 3755926874, 583699626, 1023615062, 2911161264, 160134759, 3744421761, 2719240395, 3736022245, 3642839217, 3813904252, 3847167288, 2160464084, 617826352, 4146282959, 3053406975, 4246687026, 2323006167, 737383650, 1401211184, 2894111938, 3062708230, 2649939902, 454148467, 329769430, 4058275878, 2931783516, 3894599904, 3864003726, 3890048589, 364499218, 94560723, 3244512727, 1521654357, 2584753380, 4150429068, 1384518599, 1577721071, 1276658776, 2903401780, 3514781996, 2775701691, 3551737783, 1631746310, 1811058852, 199558793, 3572159302, 462660556, 2069376639, 4201747847, 115985135, 367660605, 669117215, 2043585264, 3811895076, 1476406877, 3478466406, 3600654807, 2348645218, 3324660320, 277226283, 401115717, 1184962810, 1424763790, 2000379324, 2797004562, 1500785144, 3903941363, 2928160720, 3401969254, 2654520379, 4080079491, 3593713681, 1490536291, 348915504, 2908579375, 2254263828, 3769843996, 1174317964, 437573935, 3975135445, 1194730612, 2360452838, 942842342, 2342874053, 2821534834, 4109163074, 2155245184, 3136495351, 4289914060, 752253690, 2356664477, 459560463, 2676833702, 3032888093, 3686914633, 1185020819, 3465715611, 1840881029, 204232629, 3220685646, 2798527404, 1762685536, 2622742947, 807188041, 3810759482, 253132989, 25107706, 2648470737, 3861674198, 2536873449, 2023515209, 486217293, 763842016, 2359573860, 511159817, 159091934, 1623563321, 452353377, 2485010355, 1300913948, 226344188, 77216310, 3804716154, 3756315428, 3752714934, 3872517089, 3720041755, 1647096425, 1632677254, 2551070189, 453079669, 2122704769, 2054649370, 313645449, 139840129, 1270693842, 3250229268, 873032735, 3080974332, 1257402613, 338522644, 1534710478, 2954434170, 4001309411, 2572156567, 3645669259, 1807623814, 1258364446, 4256202511, 2365258372, 3649086437, 1134819560, 4082369895, 2495838620, 3811908495, 2307215066, 2974036381, 1805315241, 999122462, 3463994803, 1125270767, 4110059374, 2877330895, 3283549266, 3972607451, 1472975473, 3280440736, 2238913218, 112829900, 2157119689, 2685935545, 3194992140, 4031091774, 2419721005, 2182392225, 407022380, 419262767, 4271135801, 3521715183, 2285712948, 1108786775, 613733295, 2259240994, 393349019, 53397272, 3724227973, 2546210928, 3217051955, 188349300, 3446895603, 872839265, 4056193538, 1147291784, 333773853, 2538589105, 1731099091, 2075537132, 312644407, 365958250, 1806102020, 2148493582, 2487427520, 1715139335, 1152440998, 2862602433, 797554843, 221889982, 3208637082, 3405993707, 884451909, 326035807, 3121793949, 243727218, 1373813773, 3405961532, 667882962, 1635595903, 3872103684, 1773753259, 1088970136, 2358998455, 3884948347, 309007106, 2861466300, 352009927, 2689492496, 3557743554, 986415250, 1371919082, 4133370266, 3547270958, 4140368283, 3535372120, 2722665020, 3510882278, 203586856, 100485976, 3612429511, 2597210708, 1056043749, 3876949542, 243123693, 2696995802, 1007765917, 680447948, 572223676, 503112611, 636273894, 1968556968, 2497363483, 3235661307, 1614002377, 410283397, 257430770, 1434606049, 1784092206, 630614160, 2778699300, 204474339, 3153458076, 2111230023, 2946211942, 2481635224, 1128192514, 1172486019, 1786451671, 2362933728, 4104814868, 1856920909, 1537759238, 393925665, 3123040154, 1316714531, 2544113289, 827351828, 1344296629, 1497725881, 2907836860], "pos": 585}}]</state>
   </prng>
   <output prefix='ph2-npt-md'>
      <properties shape='(8)' filename='md' stride='10'>
       [ step, time{picosecond}, conserved{electronvolt}, temperature{kelvin}, potential{electronvolt}, 
         kinetic_md{electronvolt}, pressure_md{megapascal}, volume{angstrom3} ]
      </properties>
      <trajectory filename='pos' stride='100' format='pdb' cell_units='angstrom'>positions{angstrom}</trajectory>
      <checkpoint filename='checkpoint' stride='1000'>11</checkpoint>
   </output>
   <step>10000</step>
   <total_steps>10000</total_steps>
   <ffsocket mode='unix' name='ph2-ff'>
      <address>ph2-driver</address>
   </ffsocket>
   <system>
      <forces>
         <force forcefield='ph2-ff'>
         </force>
      </forces>
      <ensemble>
         <temperature>  1.04504902e-04</temperature>
         <pressure>  1.69941369e-06</pressure>
         <eens>  2.11734774e-04</eens>
         <hamiltonian_weights shape='(1)'> [   1.00000000e+00 ] </hamiltonian_weights>
         <time>  4.13413730e+05</time>
      </ensemble>
      <motion mode='dynamics'>
         <dynamics mode='npt'>
            <thermostat mode='pile_g'>
               <ethermo>  5.99581016e-03</ethermo>
               <tau>  1.03353433e+03</tau>
            </thermostat>
            <barostat mode='isotropic'>
               <thermostat mode='langevin'>
                  <ethermo>  5.54679572e-02</ethermo>
                  <tau>  2.06706865e+03</tau>
               </thermostat>
               <tau>  1.03353433e+04</tau>
               <p shape='(1)'> [  -1.18835349e+01 ] </p>
            </barostat>
            <timestep>  4.13413730e+01</timestep>
            <nmts shape='(1)'> [ 1 ] </nmts>
         </dynamics>
      </motion>
      <beads natoms='108' nbeads='1'>
         <q shape='(1, 324)'>
          [  -2.01332454e-01,  -1.46253632e-02,  -1.00861400e+00,   2.27207234e-01,   3.82399092e+00, 
              4.63392387e+00,   4.32328830e+00,   4.67877518e+00,   6.92042649e-01,   4.55133231e+00, 
             -7.19161647e-01,   4.29976842e+00,   1.23569553e-01,  -3.44318600e-01,   1.01571462e+01, 
              4.08756157e-01,   4.96603566e+00,   1.35784061e+01,   4.67752178e+00,   3.87125979e+00, 
              9.66267734e+00,   4.78065068e+00,   6.96871540e-01,   1.43445674e+01,  -5.22520383e-01, 
             -3.85639995e-01,   1.72881584e+01,   9.38893227e-01,   4.68615741e+00,   2.25309061e+01, 
              4.83003413e+00,   4.94849651e+00,   1.85369400e+01,   4.84680352e+00,   9.32557505e-01, 
              2.25231542e+01,  -2.68896523e-01,   8.96526467e+00,   6.13088252e-01,  -9.46255721e-01, 
              1.37818199e+01,   5.53456281e+00,   3.87998456e+00,   1.33981763e+01,   8.17731823e-01, 
              3.88942798e+00,   8.74921201e+00,   5.73882352e+00,  -5.89374810e-01,   8.93247769e+00, 
              8.94955993e+00,   7.31127429e-01,   1.37573998e+01,   1.34778202e+01,   4.02819855e+00, 
              1.45222004e+01,   8.61874014e+00,   4.89776648e+00,   8.97658252e+00,   1.28223044e+01, 
              1.07689320e-01,   9.92368612e+00,   1.72873433e+01,   6.63658901e-02,   1.39717012e+01, 
              2.24665840e+01,   4.90010999e+00,   1.32891568e+01,   1.89196900e+01,   4.58750665e+00, 
              9.32797531e+00,   2.35422027e+01,  -2.79741979e-01,   1.85764665e+01,   3.08951703e-01, 
             -3.98661096e-01,   2.29190414e+01,   4.40367458e+00,   4.28121909e+00,   2.28400171e+01, 
             -8.73058927e-01,   4.38874622e+00,   1.88709347e+01,   4.54489430e+00,   1.70945038e-01, 
              1.83290092e+01,   9.03944420e+00,  -3.67612164e-01,   2.17272051e+01,   1.31301482e+01, 
              3.87692622e+00,   2.23834197e+01,   9.38328845e+00,   4.49417494e+00,   1.80926513e+01, 
              1.37355878e+01,  -8.75053542e-01,   1.78298564e+01,   1.80201774e+01,   6.83481865e-01, 
              2.29493675e+01,   2.18329332e+01,   4.62766278e+00,   2.35604370e+01,   1.80206045e+01, 
              4.13631921e+00,   1.79533962e+01,   2.25260962e+01,   9.45408955e+00,   2.82884989e-01, 
             -9.99692186e-01,   8.80920761e+00,   4.56329311e+00,   4.95144873e+00,   1.42458684e+01, 
              4.79307575e+00,  -1.32189505e+00,   1.29126053e+01,   1.53694187e-01,   4.50405309e+00, 
              8.77761170e+00,  -3.00416825e-01,   9.27374191e+00,   9.33744723e+00,   4.18601264e+00, 
              1.38785742e+01,   1.35611667e+01,   4.70450029e+00,   9.45516022e+00,   1.35329737e+01, 
             -7.77330737e-01,   1.34719650e+01,   1.00122750e+01,  -9.27091404e-01,   1.87345444e+01, 
              9.37595397e+00,   4.93231116e+00,   2.33729592e+01,   1.25998882e+01,   3.88926017e+00, 
              1.84160561e+01,   1.40748286e+01,  -2.25051718e-01,   2.26439593e+01,   8.08818388e+00, 
              9.43373646e+00,   1.27012260e+00,   8.37301835e+00,   1.39339137e+01,   5.87754886e+00, 
              1.43095813e+01,   1.33199478e+01,   7.59899019e-01,   1.39506920e+01,   9.31859459e+00, 
              4.88379908e+00,   9.53839836e+00,   9.40171589e+00,   9.87101252e+00,   9.49525818e+00, 
              1.36654531e+01,   1.35698896e+01,   1.36727310e+01,   1.39353026e+01,   9.11160222e+00, 
              1.33430787e+01,   9.35913446e+00,   1.45460351e+01,   9.56835802e+00,   8.87314977e+00, 
              1.87683991e+01,   9.29063676e+00,   1.35390556e+01,   2.41169250e+01,   1.41101140e+01, 
              1.41968383e+01,   1.80273157e+01,   1.40376265e+01,   1.01833192e+01,   2.27215469e+01, 
              9.39565338e+00,   1.74357375e+01,   1.10268650e+00,   9.06828800e+00,   2.23216672e+01, 
              4.22675128e+00,   1.27301239e+01,   2.23901072e+01,  -1.14798925e+00,   1.44425106e+01, 
              1.89194870e+01,   2.99801538e+00,   9.09935295e+00,   1.81065027e+01,   9.90917455e+00, 
              9.25697016e+00,   2.19994267e+01,   1.39043627e+01,   1.35646572e+01,   2.26943582e+01, 
              7.99079638e+00,   1.42494010e+01,   1.85746854e+01,   1.31992810e+01,   9.66312415e+00, 
              1.76543410e+01,   1.83427891e+01,   8.43511541e+00,   2.19200559e+01,   2.22334202e+01, 
              1.38738737e+01,   2.26110564e+01,   1.79828299e+01,   1.42732494e+01,   1.71592872e+01, 
              2.29914487e+01,   1.82077664e+01,   2.67361165e-01,  -2.67402396e-03,   1.72394867e+01, 
              4.66174991e+00,   4.28525439e+00,   2.35430750e+01,   5.33118725e+00,  -5.13200307e-01, 
              2.27596695e+01,  -3.56034039e-02,   3.84360582e+00,   1.75914849e+01,   2.58193463e-01, 
              8.05964344e+00,   1.69717274e+01,   4.25449786e+00,   1.34761628e+01,   2.28348953e+01, 
              4.34714036e+00,   8.14855452e+00,   2.24157599e+01,   6.06968151e-01,   1.30363547e+01, 
              1.86571789e+01,   7.61893671e-03,   1.72733875e+01,   1.91258420e+01,   4.93785018e+00, 
              2.28716758e+01,   2.34003650e+01,   4.13912967e+00,   1.87402821e+01,   2.16043291e+01, 
             -3.36614427e-01,   2.27369136e+01,   1.84759704e+01,   8.98344717e+00,  -3.89117380e-01, 
              1.90259805e+01,   1.31964546e+01,   4.53028259e+00,   2.26752005e+01,   1.40271582e+01, 
              6.40473518e-01,   2.22179684e+01,   8.73285886e+00,   4.40182910e+00,   1.80562543e+01, 
              9.09845017e+00,   9.27730726e+00,   1.77060738e+01,   1.38426669e+01,   1.31544417e+01, 
              2.24346012e+01,   1.31611954e+01,   1.02421200e+01,   2.18380792e+01,   7.87356068e+00, 
              1.42449183e+01,   1.77141937e+01,   8.87251090e+00,   1.80387116e+01,   1.96902346e+01, 
              1.34779478e+01,   2.30632554e+01,   2.25948744e+01,   1.34067806e+01,   1.73602881e+01, 
              2.39041124e+01,   9.36435164e+00,   2.18093669e+01,   1.88288216e+01,   1.81667624e+01, 
              2.23385469e-01,   1.86437313e+01,   2.25268943e+01,   4.37266600e+00,   2.29654914e+01, 
              2.27526449e+01,  -4.70025709e-01,   2.24157242e+01,   1.82822632e+01,   5.36769564e+00, 
              1.78205322e+01,   1.83373644e+01,   8.88026976e+00,   1.84050013e+01,   2.31787857e+01, 
              1.31101267e+01,   2.27306526e+01,   2.33990597e+01,   8.67084992e+00,   2.21457996e+01, 
              1.82714518e+01,   1.28554560e+01,   1.88010428e+01,   1.77222631e+01,   1.81400570e+01, 
              1.79299317e+01,   2.23333933e+01,   2.28749381e+01,   2.28238688e+01,   2.27175413e+01, 
              1.80677384e+01,   2.34343660e+01,   1.80463900e+01,   2.29388883e+01 ]
         </q>
         <p shape='(1, 324)'>
          [  -1.57258531e-01,   6.07324131e-02,  -2.20237102e-01,   5.22044152e-01,  -9.36306570e-02, 
              1.24689682e-01,   5.19084958e-01,  -8.48457401e-01,  -4.46728652e-01,  -1.31145340e-01, 
              2.55841191e-02,  -1.90396096e-01,   7.71963731e-01,   6.21687263e-01,   1.31971847e-01, 
              7.74851293e-01,   4.77962494e-01,   1.14860150e+00,   2.95887216e-02,   1.02576017e-01, 
             -9.31504658e-02,  -1.12022069e+00,   1.21757968e+00,   9.66459224e-02,  -1.31412871e+00, 
              1.06858089e+00,   2.46324004e-01,  -7.27480562e-01,  -7.85793948e-02,  -4.66198741e-01, 
             -2.78493568e-01,  -1.10976565e+00,  -3.07265995e-01,  -1.18850924e+00,   4.37435418e-02, 
             -1.35110349e-01,   3.85766427e-01,  -1.08769182e+00,  -2.19934824e-01,  -1.08721264e+00, 
              6.43952235e-01,  -4.53189119e-01,  -9.52657105e-01,   4.30726606e-01,   7.98513406e-03, 
             -6.00723093e-02,   7.96333150e-02,   1.86779286e-01,   4.60761080e-01,  -5.79283501e-01, 
             -1.63303562e-02,   4.55234232e-01,  -1.00654739e+00,  -4.54117214e-01,  -2.43291466e-01, 
             -1.57556229e-01,   8.19992617e-01,   9.35841010e-02,  -5.48120971e-01,   1.89463744e-01, 
              3.59860593e-01,   7.91142376e-01,  -1.64973187e-01,   5.44051322e-02,   1.97662208e+00, 
              4.47818416e-01,   2.00398794e-01,   5.64414134e-01,  -5.24479789e-01,   4.87128250e-01, 
              1.87149133e-01,   2.84874432e-01,  -1.03135283e-01,   6.95991405e-01,  -3.70526150e-01, 
              1.51385908e+00,  -3.03081715e-01,   3.86786766e-01,  -1.42757298e+00,  -4.40256206e-01, 
             -2.90321908e-02,  -1.61761810e-01,   4.70714359e-01,   7.92334854e-02,  -4.93648915e-01, 
             -6.96116210e-01,  -5.08114696e-01,  -1.00208201e+00,  -1.11186483e+00,   1.55131556e-01, 
              8.11850875e-01,   7.78058934e-02,   8.47318129e-01,  -5.88976154e-01,   2.28114750e-01, 
              8.91070196e-01,   4.61795771e-01,   4.51170505e-01,   3.23206738e-01,  -5.20535538e-01, 
             -3.71060451e-01,   9.36703465e-02,  -1.13802399e-01,   3.19965389e-01,   1.84789952e-01, 
              4.99246210e-01,  -4.16385979e-01,  -6.98942888e-01,   9.45082923e-01,  -1.46882774e+00, 
              6.30672038e-02,  -6.97354029e-01,   7.77745996e-01,  -7.78156817e-01,   4.45836187e-01, 
             -7.13472338e-01,   1.46827723e+00,  -4.46292607e-01,  -7.87906198e-01,   6.45873657e-02, 
              5.05266375e-01,   2.46459420e-02,   1.67621659e-01,   4.63512456e-01,  -7.23522005e-01, 
             -8.45189674e-01,   1.58803710e+00,   8.03913471e-01,  -2.80857949e-01,   1.29086994e+00, 
              7.47712734e-01,   4.91698799e-02,  -2.20910149e-01,   1.14354213e+00,  -1.06017373e-01, 
             -6.97964126e-01,   9.82249168e-02,  -1.23678234e-01,  -2.00468491e-01,  -2.38441623e-01, 
             -4.93181118e-01,   3.02136281e-01,  -9.43408931e-01,   9.36386202e-01,  -1.87047660e-01, 
             -8.58448235e-01,   6.54913281e-01,  -3.27959622e-02,   1.73487724e-01,  -1.19358784e+00, 
              4.72845886e-02,  -5.89925735e-02,  -5.67627323e-02,  -1.70882533e-01,  -1.01914863e+00, 
              7.01560167e-01,  -3.90286660e-01,  -9.67289302e-01,   1.23792167e+00,   4.59532940e-01, 
             -1.47608773e-01,  -1.01139523e+00,  -5.98215385e-02,   3.98859007e-01,   7.99525787e-02, 
              3.67877823e-01,  -4.82317101e-01,   6.22265198e-01,   6.64970899e-01,   7.75723982e-01, 
              8.98525748e-01,   1.98243768e-02,   9.64884338e-01,   1.56670290e+00,   5.22328247e-01, 
             -1.12505906e+00,   5.99624660e-03,   3.51889429e-01,  -1.95508104e-01,   1.23906765e+00, 
             -3.34630907e-01,   1.19452199e+00,  -5.50190366e-01,   5.19340182e-01,   1.16927557e-02, 
             -5.67323010e-02,  -3.50402030e-01,  -7.79343228e-01,   4.91813163e-01,   5.66815696e-02, 
              5.81320286e-01,  -4.81860225e-01,   5.87142059e-02,  -6.85573491e-01,  -5.69247071e-01, 
              5.83396189e-01,  -9.54483220e-01,  -4.00210160e-01,  -4.19536832e-01,   3.43987993e-01, 
             -8.79091654e-01,   9.28324560e-01,  -3.42048062e-01,  -1.57535687e-01,  -1.09184642e+00, 
             -5.08516479e-01,  -5.56626723e-02,   6.70321297e-01,   5.81948587e-01,   9.30394095e-02, 
             -3.03634812e-01,  -2.92803909e-01,  -6.03181382e-02,   1.23690522e-01,   5.83279226e-01, 
             -1.19489513e-01,  -5.40079452e-01,   1.04117093e+00,  -5.38603426e-02,  -1.29125661e-01, 
              1.41600762e-01,  -6.30734708e-01,  -1.06336725e+00,   4.54023984e-01,  -1.02235467e+00, 
             -6.90582683e-01,  -9.70333357e-01,  -6.66906979e-01,  -1.82476713e-01,   6.70143697e-02, 
              1.43540784e+00,  -6.10466279e-01,  -7.03933556e-01,   8.23397575e-01,   2.44249106e-01, 
              1.76190526e-01,   4.21690632e-01,   7.65189053e-01,   4.72648628e-01,  -1.07826181e-01, 
              9.07271571e-01,  -6.69280641e-01,  -2.39009137e-01,   3.19194510e-01,   5.00997372e-01, 
              8.70481843e-01,   1.54524355e-01,  -4.44867956e-01,   5.17001786e-01,   7.40626968e-01, 
             -4.32514785e-01,   3.89355515e-02,   1.88737753e-02,   4.38758836e-01,  -2.30411869e-01, 
              2.29843382e-01,   1.89407968e-01,   1.25250114e+00,   4.75185461e-01,  -6.20057658e-01, 
              2.21924049e-01,  -1.11642508e-01,  -5.47744938e-01,  -6.75713005e-02,  -3.41385168e-01, 
              1.39124445e+00,  -2.38616546e-01,   4.28666098e-01,  -1.54762084e-01,  -3.29546150e-01, 
              3.96989711e-01,   6.77098656e-01,   1.01878307e-01,  -8.54166153e-01,   4.47871571e-01, 
             -9.75038221e-01,  -2.53978684e-01,   2.12262471e-01,  -5.71527737e-01,   2.33853319e-01, 
              3.04287773e-01,   3.93531891e-01,  -1.15864483e-01,   4.81327447e-01,  -8.35532741e-02, 
             -1.14602563e+00,  -5.87504086e-03,  -7.19804765e-01,  -6.68382838e-01,  -3.22494832e-01, 
             -6.97832261e-01,   1.44707559e-01,   4.24304573e-02,  -1.16975746e+00,   7.10517116e-01, 
             -1.81252088e-01,  -9.61003071e-02,   3.13493995e-01,   3.65846989e-01,  -9.80991747e-01, 
             -2.33426151e-01,  -2.18462812e-01,  -8.30206978e-01,  -7.02649748e-01,   5.54398898e-01, 
             -1.08778199e-01,  -1.20785598e-01,  -1.65888314e+00,   8.01895002e-01,   3.87399662e-01, 
              2.43433827e-01,   2.21200410e-01,   1.77655083e-01,   4.63383440e-01,  -5.04326314e-01, 
             -1.07343561e+00,   5.44210201e-01,  -8.76403119e-01,   5.74620140e-01,  -3.39905728e-01, 
              6.83032319e-01,  -4.25501714e-01,   4.60536793e-01,  -5.10487999e-02 ]
         </p>
         <m shape='(108)'>
          [   3.67494322e+03,   3.67494322e+03,   3.67494322e+03,   3.67494322e+03,   3.67494322e+03, 
              3.67494322e+03,   3.67494322e+03,   3.67494322e+03,   3.67494322e+03,   3.67494322e+03, 
              3.67494322e+03,   3.67494322e+03,   3.67494322e+03,   3.67494322e+03,   3.67494322e+03, 
              3.67494322e+03,   3.67494322e+03,   3.67494322e+03,   3.67494322e+03,   3.67494322e+03, 
              3.67494322e+03,   3.67494322e+03,   3.67494322e+03,   3.67494322e+03,   3.67494322e+03, 
              3.67494322e+03,   3.67494322e+03,   3.67494322e+03,   3.67494322e+03,   3.67494322e+03, 
              3.67494322e+03,   3.67494322e+03,   3.67494322e+03,   3.67494322e+03,   3.67494322e+03, 
              3.67494322e+03,   3.67494322e+03,   3.67494322e+03,   3.67494322e+03,   3.67494322e+03, 
              3.67494322e+03,   3.67494322e+03,   3.67494322e+03,   3.67494322e+03,   3.67494322e+03, 
              3.67494322e+03,   3.67494322e+03,   3.67494322e+03,   3.67494322e+03,   3.67494322e+03, 
              3.67494322e+03,   3.67494322e+03,   3.67494322e+03,   3.67494322e+03,   3.67494322e+03, 
              3.67494322e+03,   3.67494322e+03,   3.67494322e+03,   3.67494322e+03,   3.67494322e+03, 
              3.67494322e+03,   3.67494322e+03,   3.67494322e+03,   3.67494322e+03,   3.67494322e+03, 
              3.67494322e+03,   3.67494322e+03,   3.67494322e+03,   3.67494322e+03,   3.67494322e+03, 
              3.67494322e+03,   3.67494322e+03,   3.67494322e+03,   3.67494322e+03,   3.67494322e+03, 
              3.67494322e+03,   3.67494322e+03,   3.67494322e+03,   3.67494322e+03,   3.67494322e+03, 
              3.67494322e+03,   3.67494322e+03,   3.67494322e+03,   3.67494322e+03,   3.67494322e+03, 
              3.67494322e+03,   3.67494322e+03,   3.67494322e+03,   3.67494322e+03,   3.67494322e+03, 
              3.67494322e+03,   3.67494322e+03,   3.67494322e+03,   3.67494322e+03,   3.67494322e+03, 
              3.67494322e+03,   3.67494322e+03,   3.67494322e+03,   3.67494322e+03,   3.67494322e+03, 
              3.67494322e+03,   3.67494322e+03,   3.67494322e+03,   3.67494322e+03,   3.67494322e+03, 
              3.67494322e+03,   3.67494322e+03,   3.67494322e+03 ]
         </m>
         <names shape='(108)'>
          [ H2, H2, H2, H2, H2, 
            H2, H2, H2, H2, H2, 
            H2, H2, H2, H2, H2, 
            H2, H2, H2, H2, H2, 
            H2, H2, H2, H2, H2, 
            H2, H2, H2, H2, H2, 
            H2, H2, H2, H2, H2, 
            H2, H2, H2, H2, H2, 
            H2, H2, H2, H2, H2, 
            H2, H2, H2, H2, H2, 
            H2, H2, H2, H2, H2, 
            H2, H2, H2, H2, H2, 
            H2, H2, H2, H2, H2, 
            H2, H2, H2, H2, H2, 
            H2, H2, H2, H2, H2, 
            H2, H2, H2, H2, H2, 
            H2, H2, H2, H2, H2, 
            H2, H2, H2, H2, H2, 
            H2, H2, H2, H2, H2, 
            H2, H2, H2, H2, H2, 
            H2, H2, H2, H2, H2, 
            H2, H2, H2 ]
         </names>
      </beads>
      <cell shape='(3, 3)'>
       [   2.72679196e+01,   1.66967852e-15,   1.66967852e-15,   0.00000000e+00,   2.72679196e+01, 
           1.66967852e-15,   0.00000000e+00,   0.00000000e+00,   2.72679196e+01 ]
      </cell>
   </system>
</simulation>
